ql_ql12_32ep_hist_bins
    0 - window size = 1
    
    Other parameters were fixed to default values:
    n_repeat=5,
    n_episodes=100,
    visualize=False,
    max_n_steps=200,
    time_step=1,
    p_reff=1.2,
    rand_qtab=False,
    learning_rate=0.5,
    discount_factor=0.6,
    exploration_rate=0.9,
    exploration_decay_rate=0.5,
    k_s=[0.1, 0.5, 1, 2, 7],
    n_bins=10,
    window_size=5,
    bins=[0.3749781  0.38705619 0.39913429 0.41121238 0.42329048 0.43536857
 0.44744667 0.45952476 0.47160286 0.48368095 0.49575905 0.50783714
 0.51991524 0.53199333 0.54407143 0.55614952 0.56822762 0.58030571
 0.59238381 0.6044619  0.61654    0.6286181  0.64069619 0.65277429
 0.66485238 0.67693048 0.68900857 0.70108667 0.71316476 0.72524286
 0.73732095 0.74939905 0.76147714 0.77355524 0.78563333 0.79771143
 0.80978952 0.82186762 0.83394571 0.84602381 0.8581019  0.87018
 0.8822581  0.89433619 0.90641429 0.91849238 0.93057048 0.94264857
 0.95472667 0.96680476 0.97888286 0.99096095 1.00303905 1.01511714
 1.02719524 1.03927333 1.05135143 1.06342952 1.07550762 1.08758571
 1.09966381 1.1117419  1.12382    1.1358981  1.14797619 1.16005429
 1.17213238 1.18421048 1.19628857 1.20836667 1.22044476 1.23252286
 1.24460095 1.25667905 1.26875714 1.28083524 1.29291333 1.30499143
 1.31706952 1.32914762 1.34122571 1.35330381 1.3653819  1.37746
 1.3895381  1.40161619 1.41369429 1.42577238 1.43785048 1.44992857
 1.46200667 1.47408476 1.48616286 1.49824095 1.51031905 1.52239714
 1.53447524 1.54655333 1.55863143 1.57070952 1.58278762 1.59486571
 1.60694381 1.6190219 ],   
    log_level=logging.INFO
    