ql_baseline12_hist_bins
    0 - window size = 1
    
    Other parameters were fixed to default values:
    n_repeat=5,
    n_episodes=100,
    visualize=False,
    max_n_steps=200,
    time_step=1,
    p_reff=1.2,
    rand_qtab=False,
    learning_rate=0.5,
    discount_factor=0.6,
    exploration_rate=0.9,
    exploration_decay_rate=0.5,
    k_s=[0.1, 0.5, 1, 2, 7],
    n_bins=10,
    window_size=5,
    bins=[0.76843833 0.78297667 0.797515   0.81205333 0.82659167 0.84113
 0.85566833 0.87020667 0.884745   0.89928333 0.91382167 0.92836
 0.94289833 0.95743667 0.971975   0.98651333 1.00105167 1.01559
 1.03012833 1.04466667 1.059205   1.07374333 1.08828167 1.10282
 1.11735833 1.13189667 1.146435   1.16097333 1.17551167 1.19005
 1.20458833 1.21912667 1.233665   1.24820333 1.26274167 1.27728
 1.29181833 1.30635667 1.320895   1.33543333 1.34997167 1.36451
 1.37904833 1.39358667 1.408125   1.42266333 1.43720167 1.45174
 1.46627833 1.48081667 1.495355   1.50989333 1.52443167 1.53897
 1.55350833 1.56804667 1.582585   1.59712333 1.61166167],   
    log_level=logging.INFO
    